83 120 126 61 55 51 48 46 48 51 51 50 51 50 50 53 52 51 42 41 39 36 40 41 41 38 145 151 127 115 134 137 138 139 147 149 124 105 30 30 32 32 33 33 37 35 34 33 33 37 36 35 28 104 77 70
137 150 63 58 51 50 49 51 51 51 50 53 52 51 51 52 51 37 39 38 41 40 38 41 39 39 118 129 143 150 114 117 125 138 138 139 124 107 31 30 34 34 35 34 34 34 34 34 32 34 36 32 177 144 73 73
145 68 55 49 49 48 53 53 53 51 51 51 54 43 39 42 45 41 42 42 38 43 41 40 35 36 104 121 125 134 139 128 117 120 130 118 128 31 31 32 33 34 34 34 34 33 32 34 34 36 31 73 163 146 128 131
73 51 48 44 51 50 50 52 55 51 50 44 43 41 38 39 39 38 41 39 36 40 38 37 36 20 135 102 122 129 132 137 137 131 117 114 117 29 31 33 33 33 32 31 31 33 33 32 34 33 27 189 143 119 120 99
53 45 45 46 47 47 51 53 50 50 51 45 39 38 41 38 40 43 37 35 38 38 37 36 34 48 135 131 106 128 135 136 134 133 133 112 91 29 31 33 33 34 32 33 34 34 33 33 34 33 25 128 113 116 92 94
53 43 60 48 45 50 49 51 48 48 46 43 41 40 39 36 40 40 35 36 36 37 35 33 34 121 125 125 118 108 113 136 132 127 129 120 37 32 30 32 31 31 30 32 31 31 33 33 35 35 29 129 114 120 69 70
44 41 36 50 42 52 44 42 46 41 42 40 37 38 36 39 44 37 33 38 35 35 37 33 31 108 118 122 125 135 101 115 138 130 126 137 34 31 32 31 30 33 31 32 30 31 30 33 31 36 82 103 102 114 118 128
39 36 35 35 42 54 51 56 51 40 40 37 38 37 36 38 41 36 35 36 37 38 36 32 32 121 96 122 119 138 125 107 129 128 123 115 32 32 30 29 31 31 30 31 30 30 32 34 37 38 121 116 110 85 110 113
39 42 65 143 149 138 121 133 136 125 119 72 33 35 38 34 34 33 33 33 36 35 34 35 31 119 95 113 118 132 143 124 113 119 121 22 31 31 30 32 31 32 32 34 31 35 33 33 36 37 37 131 101 118 86 70
52 159 164 164 161 163 162 153 151 151 147 117 149 55 37 35 30 35 35 32 38 35 35 33 32 120 103 97 122 140 140 134 123 106 137 30 31 30 30 29 32 34 33 33 33 32 34 32 36 36 38 33 88 90 65 65
165 169 127 155 157 161 171 168 175 145 133 133 78 52 99 33 32 30 33 29 32 35 35 33 28 114 117 91 106 142 135 133 129 109 114 29 28 28 31 30 31 33 34 33 33 33 34 31 37 37 34 86 89 100 122 118
166 176 160 160 161 165 174 157 140 133 129 70 69 75 72 93 31 29 31 31 29 33 38 33 32 121 118 110 93 144 132 131 127 122 14 27 29 30 34 30 34 31 31 33 33 33 33 33 37 129 178 95 79 74 172 158
131 177 84 126 99 165 53 55 59 60 51 78 73 72 70 64 76 31 30 30 30 33 35 32 31 136 119 117 98 102 131 132 124 144 26 27 29 31 29 29 31 29 31 33 32 32 31 33 175 180 165 159 117 72 81 86
109 98 93 58 59 61 63 56 33 32 35 30 28 76 69 63 62 63 31 30 30 29 33 33 17 150 125 119 106 96 117 123 120 138 25 28 27 28 27 28 29 28 26 27 28 29 31 33 168 168 156 114 124 141 156 152
131 58 56 61 62 64 34 32 35 33 34 34 36 32 26 59 62 61 54 31 29 29 28 31 57 177 128 118 122 102 107 125 122 26 25 25 26 26 26 26 27 28 26 28 28 30 33 37 185 157 114 118 109 114 114 112
133 45 62 59 36 34 37 31 34 34 38 33 36 28 29 31 23 62 60 40 28 31 29 29 150 178 152 120 117 109 89 97 144 26 25 25 27 25 27 27 27 28 30 28 29 30 31 167 188 116 109 116 115 110 99 99
158 125 36 36 35 35 34 34 34 38 29 34 30 35 38 36 28 30 59 55 34 32 27 28 179 178 171 116 117 121 105 88 79 25 26 26 27 27 29 27 27 29 30 29 31 33 32 69 103 112 102 101 86 77 85 84
165 159 139 36 36 40 32 34 49 32 38 32 45 37 35 33 28 36 33 55 41 29 28 29 164 176 168 133 116 135 122 84 25 25 27 28 27 26 25 26 26 27 28 29 27 31 31 37 95 86 95 89 89 90 89 89
163 158 152 109 82 60 72 49 34 47 54 54 56 51 37 32 33 26 31 30 35 23 27 30 145 166 159 139 124 131 122 154 29 29 28 26 26 24 24 24 26 29 29 29 28 32 31 32 144 92 79 102 140 97 81 80
168 167 169 169 169 167 167 165 166 166 166 165 165 163 159 164 30 36 35 25 32 26 26 27 156 165 160 164 130 123 117 114 26 24 27 30 28 27 26 26 27 28 29 31 29 30 31 31 34 120 104 84 93 90 128 119
83 168 141 133 168 179 168 175 166 167 166 165 147 165 166 157 31 37 26 27 27 25 26 28 158 166 162 160 134 122 115 19 24 24 25 25 25 24 26 29 27 28 31 30 30 31 32 30 29 126 95 99 85 130 145 146
137 160 123 94 180 185 181 130 170 178 60 166 165 164 165 160 179 23 22 23 31 24 29 25 156 159 172 155 127 122 112 103 28 25 19 17 17 20 17 13 15 21 20 29 30 41 50 63 69 68 173 104 145 136 139 138
168 168 170 169 168 170 167 167 169 168 167 168 166 165 167 166 156 29 34 28 35 26 25 25 135 178 141 108 149 124 131 151 166 100 97 172 170 87 89 88 92 90 87 93 86 90 87 80 167 167 167 137 140 137 54 56
170 169 170 169 168 168 169 168 166 169 169 167 92 102 108 123 156 153 38 33 32 24 24 9 86 104 100 98 93 131 131 142 166 99 95 88 157 83 91 90 94 95 94 88 116 166 164 166 176 38 166 93 135 133 58 140
169 161 171 181 169 169 168 169 169 165 168 168 166 72 100 79 143 144 26 25 30 28 22 55 70 83 73 75 123 136 121 159 170 95 95 98 73 87 91 92 93 122 165 167 164 164 158 179 165 171 168 26 144 129 19 77
66 48 46 45 168 169 77 78 142 138 143 167 168 80 78 67 55 129 136 45 28 23 23 144 152 164 162 150 172 145 140 154 159 93 94 107 83 95 114 120 106 149 160 162 161 159 158 176 167 161 122 122 145 131 138 139
196 127 132 70 73 168 180 67 59 128 131 169 168 167 167 167 167 165 157 73 43 23 24 134 147 165 161 143 170 185 94 167 162 95 93 146 163 121 163 157 161 147 163 165 164 163 169 135 148 164 133 141 143 122 116 122
172 103 68 58 59 166 167 167 168 169 147 167 168 168 167 169 167 147 158 124 44 41 28 143 150 157 153 148 172 184 76 133 167 93 88 104 179 129 183 128 134 171 137 151 139 145 149 156 158 153 153 127 135 131 131 130
168 176 160 177 150 177 166 167 168 168 168 170 188 199 197 179 167 164 160 151 78 40 30 157 150 151 147 152 166 68 181 140 169 125 117 157 163 148 145 167 150 163 154 50 163 165 164 161 157 110 12 55 142 153 33 34
169 166 168 168 169 169 169 168 166 166 168 168 167 168 169 169 148 169 176 159 152 41 40 159 141 149 145 172 159 85 172 162 159 180 128 90 166 43 54 51 45 161 75 164 115 180 73 114 156 41 153 122 27 16 71 53
167 169 170 169 168 169 168 168 167 168 167 167 168 169 169 164 169 167 167 167 157 150 40 146 141 150 148 154 150 68 65 174 154 162 193 109 164 55 106 113 65 162 162 161 175 151 105 160 160 153 155 119 131 131 136 85
165 169 85 102 146 138 134 155 114 145 137 144 145 157 168 167 167 167 169 170 166 152 28 152 139 150 139 137 102 65 66 131 176 178 132 111 154 126 184 98 64 167 160 162 160 160 156 144 92 131 119 107 128 135 124 126
169 167 169 168 168 167 168 169 170 166 167 165 159 158 169 167 168 168 149 134 151 167 154 96 109 118 126 172 66 64 65 69 185 178 113 101 145 114 173 161 161 149 115 116 146 159 152 156 167 96 44 33 45 99 33 39
166 145 168 170 168 168 169 169 147 157 155 162 169 173 172 167 168 167 167 168 167 167 159 143 76 76 76 90 66 69 68 76 103 176 83 92 152 163 148 71 159 143 161 160 77 161 156 58 50 53 65 113 118 115 121 123
169 166 168 169 169 170 169 169 140 142 143 150 159 169 171 173 167 167 167 168 167 146 166 160 88 93 94 67 63 65 69 66 72 134 114 106 135 123 125 147 157 158 161 133 144 134 147 61 63 77 146 76 108 115 93 96
174 174 60 175 115 172 172 170 170 174 167 125 167 149 166 165 167 167 168 168 165 167 166 161 175 65 69 61 64 63 61 65 63 87 86 99 86 149 156 147 156 157 144 100 145 130 105 66 79 107 152 98 111 119 121 119
168 168 167 169 168 168 168 150 169 168 168 165 167 169 168 166 166 167 167 165 168 166 74 72 143 61 63 59 62 68 66 65 67 62 63 63 53 117 165 104 128 155 100 145 129 135 167 101 74 79 149 118 115 111 119 124
170 167 168 168 168 169 168 169 169 164 174 146 175 165 167 166 168 154 136 164 162 158 179 72 61 127 69 67 72 71 72 64 66 68 68 72 59 163 131 143 143 161 157 143 96 159 153 137 66 111 150 125 124 124 111 111
130 165 148 160 164 166 163 165 148 167 169 167 161 163 147 171 167 59 58 98 154 126 165 60 56 63 45 51 43 49 51 71 74 68 81 80 80 164 112 161 126 160 164 105 165 137 144 149 96 129 104 123 122 97 60 69
141 171 139 107 154 128 153 161 166 168 169 167 173 175 169 169 167 167 164 166 169 170 167 163 61 54 121 65 67 65 66 80 69 75 75 71 70 163 168 135 150 160 98 153 98 129 146 153 53 84 62 37 36 32 39 37
170 124 167 179 173 147 96 118 123 145 164 168 168 168 168 167 175 167 166 168 167 168 181 189 176 162 153 49 63 63 69 65 70 69 67 69 62 164 158 161 128 160 162 106 122 158 109 151 108 142 90 77 86 67 77 81
168 122 121 120 97 218 205 125 128 110 106 169 154 169 149 155 176 168 133 118 149 133 167 167 164 74 54 72 59 60 62 72 74 65 69 71 67 165 169 87 162 111 118 127 159 101 164 125 119 130 94 80 46 44 49 47
167 102 84 126 158 50 136 92 130 220 139 177 167 136 181 165 177 166 62 109 134 152 162 165 166 83 102 73 81 99 95 104 95 83 83 92 101 141 128 166 158 156 161 138 84 155 152 156 60 127 121 71 39 43 80 75
167 182 20 127 80 53 187 126 179 45 46 50 168 167 167 165 168 166 166 166 166 165 166 164 164 164 173 179 163 106 104 104 106 110 110 113 113 131 166 140 160 156 142 132 150 118 127 156 66 124 121 56 38 65 59 45
165 166 215 151 47 169 54 109 182 114 45 86 161 167 166 168 165 166 167 165 164 165 165 165 164 163 165 161 164 156 103 104 104 110 108 106 111 128 111 96 93 60 146 153 118 139 129 101 65 97 116 50 38 45 44 50
166 164 136 25 151 45 43 43 44 32 45 45 45 166 166 122 126 153 199 128 120 172 126 119 152 202 164 163 170 155 104 101 103 105 104 105 103 118 161 154 155 159 159 141 110 166 91 139 48 51 116 116 66 54 58 53
166 167 165 152 46 88 94 113 106 75 47 100 155 170 165 160 127 140 172 39 176 151 178 168 137 171 164 163 163 162 153 99 96 105 103 103 104 99 67 170 158 158 160 161 155 105 158 107 52 120 72 122 99 117 108 100
165 165 165 168 171 171 110 158 164 165 165 171 168 165 166 167 131 128 128 107 144 150 125 121 55 148 175 163 162 182 157 88 96 99 102 100 98 94 163 132 159 114 155 171 101 147 158 135 107 93 69 112 107 114 120 118
