74 121 93 55 55 51 50 49 50 51 53 50 52 51 50 52 53 49 43 36 39 37 39 42 38 30 146 148 121 117 142 130 137 146 152 137 126 125 31 31 31 32 33 34 34 34 35 35 36 35 36 39 45 104 97 89
149 163 56 55 53 48 46 52 50 50 50 50 51 49 48 49 52 41 40 39 41 39 37 40 36 43 131 131 142 131 111 126 125 137 135 133 126 28 29 32 31 34 33 33 33 33 33 34 32 36 38 34 160 80 133 132
141 64 55 48 47 47 52 52 53 52 52 50 51 42 41 41 43 45 41 40 42 40 37 40 36 132 103 129 126 129 140 129 124 127 125 120 130 34 32 33 34 32 35 33 34 33 34 34 35 35 27 146 160 123 92 99
61 53 49 48 48 50 52 55 52 49 52 46 40 43 40 41 42 41 36 40 38 39 37 38 35 138 117 99 125 134 134 135 146 127 120 116 105 31 31 33 32 33 33 31 32 32 33 33 34 37 67 142 174 90 129 106
55 45 43 46 46 47 51 52 50 50 45 49 43 39 40 37 39 39 39 36 40 37 39 39 33 120 135 110 101 125 130 135 135 138 123 110 27 30 33 33 33 32 31 32 31 33 32 34 34 33 59 145 137 99 94 76
46 42 46 48 54 47 53 52 49 49 43 39 41 38 37 39 40 37 38 38 38 36 38 33 33 108 127 126 101 104 135 131 131 127 121 142 31 33 31 31 30 32 30 33 32 32 31 34 34 37 111 114 117 81 63 70
43 37 40 50 45 50 44 48 43 41 43 37 36 38 34 38 42 34 36 35 36 40 36 32 34 94 118 119 125 117 119 129 135 135 118 123 34 33 30 29 33 37 31 33 31 32 32 33 32 31 54 112 102 104 121 101
38 34 44 36 38 51 47 56 55 46 41 37 37 38 34 37 38 37 33 36 35 40 33 34 32 101 99 119 120 141 110 111 124 128 123 28 29 32 31 31 30 33 31 32 31 34 33 34 36 37 76 104 109 100 91 99
43 42 48 154 137 91 117 137 128 139 116 38 40 34 40 32 33 33 35 35 37 37 33 33 33 112 96 124 116 134 139 106 118 112 135 28 30 33 31 31 29 31 33 31 32 33 32 33 35 41 34 105 98 108 69 67
59 156 153 162 160 158 156 151 151 149 147 122 140 50 35 36 34 34 37 31 35 34 35 32 30 117 95 101 129 150 131 134 110 106 89 30 33 30 32 31 31 33 32 35 35 33 31 32 36 36 32 176 110 75 59 66
170 159 139 154 161 160 170 167 152 140 135 142 75 91 85 34 32 32 33 31 31 35 34 31 16 115 109 99 124 144 135 133 126 94 36 30 28 29 31 31 32 34 33 33 36 35 32 36 37 30 39 90 125 125 90 79
174 175 164 163 162 167 161 171 137 128 125 73 68 74 73 89 29 31 32 31 29 34 36 31 60 118 115 93 98 144 133 132 123 148 27 28 29 32 31 32 35 33 32 33 36 34 33 34 36 178 84 84 79 71 129 127
165 163 99 116 136 133 53 57 56 60 47 77 72 71 68 68 79 32 30 31 30 33 34 31 174 125 118 118 103 105 133 127 124 108 26 28 28 33 29 34 32 31 30 36 33 32 33 36 147 181 154 145 77 55 79 79
82 94 92 53 59 61 62 59 38 34 34 29 26 70 70 62 62 64 29 30 30 31 34 32 176 137 120 118 131 110 125 121 123 30 25 28 28 27 28 28 30 27 26 28 30 30 32 121 167 92 153 131 131 154 141 140
68 63 56 59 63 55 36 34 33 32 34 35 34 34 29 66 59 61 38 32 31 28 32 33 176 160 124 119 128 93 104 125 148 26 26 25 25 25 27 28 27 27 27 29 31 32 33 181 189 125 117 111 127 116 124 123
129 43 58 58 34 35 37 32 34 33 35 40 34 30 30 33 35 61 56 39 31 27 26 31 170 178 125 116 117 110 103 119 59 26 24 26 27 25 25 28 28 28 27 29 32 33 26 184 68 108 109 112 104 103 106 103
154 52 35 37 33 34 33 34 34 37 34 39 29 39 33 38 25 29 58 56 29 32 28 30 163 173 143 134 121 105 99 87 27 26 27 25 30 26 29 28 28 28 29 29 31 32 39 101 92 100 107 93 86 85 108 97
159 154 84 34 36 38 31 41 47 30 39 32 49 31 35 31 31 27 27 54 38 31 26 27 168 174 163 128 124 132 96 152 26 27 27 27 27 25 25 27 27 29 29 29 29 32 31 81 92 91 85 88 88 87 95 110
162 160 143 102 58 65 59 50 58 49 53 51 53 49 32 35 36 26 27 34 35 27 28 29 160 164 160 133 124 140 115 35 29 27 27 25 24 25 27 28 28 29 31 28 30 33 32 36 113 88 78 156 102 88 100 112
167 167 169 169 166 167 165 164 166 167 165 165 164 164 166 34 30 35 31 27 28 26 28 22 156 160 162 147 119 129 111 32 26 26 28 30 28 28 28 28 28 30 28 30 33 34 30 33 126 110 88 78 103 123 107 112
168 127 133 168 106 177 176 167 171 170 166 166 165 165 155 160 39 41 26 39 25 28 27 22 159 164 159 161 126 125 110 27 26 25 25 25 25 27 26 27 28 28 28 31 32 33 32 32 40 130 105 105 98 146 148 149
112 171 191 80 169 174 180 182 164 93 175 181 136 68 73 160 36 22 25 24 24 29 26 112 160 170 163 157 130 120 107 77 23 20 19 18 19 16 16 18 15 16 17 33 42 42 49 66 67 116 109 143 134 139 137 139
167 169 169 168 168 168 166 167 167 166 167 166 165 165 166 154 174 25 35 27 25 30 27 160 160 169 131 108 121 118 138 145 110 97 96 169 129 85 89 95 91 90 90 89 89 80 93 171 163 168 123 137 138 53 143 101
167 167 165 167 167 168 167 167 166 167 166 179 96 105 118 165 157 54 32 25 35 26 23 85 97 102 108 142 166 120 148 143 101 102 101 169 85 89 90 90 95 94 92 77 164 168 101 128 179 41 28 48 147 73 130 131
164 174 176 167 166 168 168 169 164 167 168 167 84 81 92 118 150 141 44 22 22 28 22 87 63 98 71 94 188 137 131 159 95 95 97 121 83 88 94 92 85 154 167 170 166 167 167 51 83 39 116 18 148 134 133 130
49 70 45 183 168 84 72 65 139 145 167 167 169 68 63 57 126 127 31 43 24 23 23 130 156 157 157 155 182 133 132 153 119 95 92 140 85 89 139 126 146 159 162 155 163 168 49 55 181 157 78 145 135 138 125 117
116 163 128 79 166 166 60 58 125 130 138 167 166 166 167 166 167 165 46 44 43 21 22 143 152 159 157 155 168 139 140 164 126 93 92 165 133 155 165 167 156 168 165 165 163 170 145 137 171 138 56 126 125 113 135 137
67 68 170 72 184 166 166 166 168 168 166 167 167 168 166 166 162 158 149 69 45 27 32 162 141 151 150 152 177 179 74 167 153 92 144 165 130 154 144 127 171 139 115 141 143 142 168 161 159 153 131 138 133 132 134 130
172 120 113 153 157 165 166 167 170 166 109 161 177 199 194 171 166 155 157 72 43 41 38 158 141 147 148 170 78 139 186 148 165 107 168 167 155 136 164 160 164 174 67 161 164 165 163 157 74 109 48 71 9 118 131 131
168 167 168 169 167 168 167 167 167 167 167 167 168 167 168 167 166 168 160 152 163 28 30 157 139 145 140 170 50 64 109 157 163 172 201 151 55 79 50 50 165 170 82 170 57 91 159 171 154 131 29 146 143 134 130 134
168 169 168 168 166 168 167 167 168 167 168 168 167 167 185 167 161 167 162 158 150 36 63 143 145 141 145 146 77 66 143 168 167 161 107 147 51 111 122 157 147 163 171 137 24 172 172 157 155 153 141 133 132 127 142 113
169 87 88 150 141 131 177 194 170 135 132 152 145 168 167 167 167 168 169 167 154 158 139 152 140 139 142 179 70 65 61 177 180 166 120 149 102 187 119 66 158 164 160 168 161 155 152 156 96 105 154 110 131 129 125 125
166 168 166 168 168 166 167 168 168 166 166 167 162 146 166 166 165 165 146 154 167 154 91 102 117 127 144 70 67 68 69 174 184 157 111 144 89 172 160 162 169 144 138 137 161 155 156 165 127 40 54 27 111 32 56 42
162 168 168 168 168 168 167 163 158 154 169 157 164 172 167 168 167 166 166 166 170 168 158 62 85 79 69 67 74 69 70 80 172 177 83 98 158 166 84 156 158 160 150 83 113 156 55 53 55 62 144 122 115 125 123 121
167 168 168 168 169 169 169 132 144 156 157 159 174 170 147 166 167 167 166 167 171 166 157 82 89 96 91 70 66 67 69 73 121 99 107 96 119 154 156 157 158 161 155 126 116 160 115 79 80 149 126 115 120 131 123 128
175 72 174 156 171 173 170 168 131 168 125 167 181 166 165 166 166 172 167 165 167 152 166 160 76 73 63 64 62 63 64 63 67 68 101 92 162 108 116 154 159 168 126 139 154 104 162 60 70 147 148 121 125 126 126 125
167 168 169 167 167 168 153 167 168 167 166 166 167 164 169 166 166 167 167 166 167 78 65 71 87 82 65 60 62 62 65 66 69 60 59 62 168 165 121 139 155 100 162 143 107 161 149 58 101 152 145 125 119 122 125 125
166 167 167 166 168 167 168 167 170 171 155 160 158 152 166 167 160 146 167 164 161 165 57 78 129 57 65 69 68 75 64 62 67 67 77 61 159 104 167 94 161 144 146 99 157 157 146 77 122 152 146 121 125 112 113 73
168 149 161 160 166 164 165 151 163 168 166 166 163 147 158 166 81 59 60 150 119 165 82 71 70 130 46 46 43 52 52 68 76 63 80 80 163 121 134 165 147 163 119 154 122 119 152 105 142 89 131 123 101 47 39 69
167 144 110 153 124 148 153 160 168 170 166 174 177 168 171 166 166 164 165 169 168 166 167 66 56 125 62 65 65 66 73 72 71 65 74 75 164 166 125 137 160 131 162 115 115 147 154 65 89 85 104 51 33 37 80 95
130 166 178 173 157 111 134 118 134 166 168 166 167 167 167 156 166 166 167 166 167 126 141 126 165 160 160 62 63 66 65 67 68 70 68 65 154 149 162 129 164 158 139 120 162 102 139 94 146 68 61 84 42 63 65 86
116 121 119 121 214 182 124 127 108 108 168 168 169 150 168 178 167 142 119 153 135 166 166 165 74 59 77 60 61 60 66 74 76 70 73 68 132 166 104 148 133 145 94 168 103 154 123 101 142 112 49 40 44 51 44 44
100 86 107 133 26 107 84 136 217 146 175 166 136 190 165 172 164 73 90 131 147 161 164 164 151 98 84 55 105 101 101 95 76 92 92 93 137 106 168 158 155 143 158 109 152 156 152 66 137 126 92 39 40 78 45 43
116 68 194 73 49 146 155 119 45 45 43 167 168 166 166 165 166 166 166 166 165 165 163 165 165 170 176 164 106 102 102 103 109 111 114 112 119 163 151 173 160 160 126 159 141 108 156 54 133 125 76 40 30 44 51 49
164 207 181 47 156 29 122 183 47 46 76 147 167 166 167 167 165 165 164 165 163 166 163 163 163 166 163 164 154 103 106 104 105 110 110 110 110 135 47 102 61 58 142 161 106 162 136 71 69 119 119 57 64 43 48 53
165 126 152 100 41 45 39 28 32 44 46 35 166 164 120 124 154 199 130 110 171 127 139 133 200 164 163 140 157 86 101 101 100 103 104 105 104 165 161 162 168 159 162 140 161 116 145 142 52 112 122 61 39 52 37 45
163 163 114 46 87 90 104 71 64 42 84 142 181 164 139 129 144 179 35 177 149 186 162 138 170 166 163 163 163 152 100 100 106 102 103 103 104 175 172 125 133 160 90 135 146 142 104 159 120 72 113 104 85 40 100 108
164 166 144 161 146 131 148 155 165 161 169 167 165 164 165 127 129 125 105 147 148 125 123 54 146 163 163 161 185 163 130 96 97 98 104 97 99 164 104 145 139 131 162 108 155 141 116 156 96 79 120 103 114 97 115 113
